                          Running on host firzens

          ******************************************************
          *      Firefly version 8.2.0, build number 10203     *
          *   Compiled on    Monday,    19-09-2016, 15:30:23   *
          *Code development and Intel/AMD specific optimization*
          *  Copyright (c) 1994, 2016 by  Alex A. Granovsky,   *
          *          Firefly Project, Moscow, Russia.          *
          *   Some parts of this program include code due to   *
          * work of Jim Kress, Peter Burger, and Robert Ponec. *
          ******************************************************
          *             Firefly Project homepage:              *
          * http://classic.chem.msu.su/gran/firefly/index.html *
          *                      e-mail:                       *
          *               gran@classic.chem.msu.su             *
          *This program is not a free software and is provided *
          *exclusively to its registered users under the terms *
          *       of Firefly package license agreement         *
          * Unauthorized use of Firefly is strongly prohibited *
          *   This program may not be redistributed without    *
          * the specific, written permission of its developers.*
          ******************************************************

          ******************************************************
          *  PARTIALLY BASED ON  US GAMESS VERSION 6 JUN 1999, *
          *   US GAMESS VERSIONS  6 SEP 2001 AND 12 DEC 2003   *
          *             FROM IOWA STATE UNIVERSITY             *
          * M.W.SCHMIDT, K.K.BALDRIDGE, J.A.BOATZ, S.T.ELBERT, *
          *   M.S.GORDON, J.H.JENSEN, S.KOSEKI, N.MATSUNAGA,   *
          *          K.A.NGUYEN, S.J.SU, T.L.WINDUS,           *
          *       TOGETHER WITH M.DUPUIS, J.A.MONTGOMERY       *
          *         J.COMPUT.CHEM.  14, 1347-1363(1993)        *
          ******************************************************


 Core i7    / Linux  Firefly version running under Linux.
 Running on Intel CPU:  Brand ID  0, Family  6, Model  69, Stepping  1
 CPU Brand String    :  Intel(R) Core(TM) i5-4200U CPU @ 1.60GHz        
 CPU Features        :  x87 FPU, CMOV, MMX, SSE, SSE2, SSE3, SSSE3, SSE4.1, SSE4.2, AVX, AVX2, FMA3, HTT, MWAIT, EM64T
 Data cache size     :  L1 32 KB, L2  256 KB, L3  3072 KB
 max    # of   cores/package :   8
 max    # of threads/package :  16
 max     cache sharing level :  16
 actual # of   cores/package :   2
 actual # of threads/package :   4
 actual # of threads/core    :   2
 Operating System successfully passed SSE support test.
 Operating System supports AVX/FMA.


 PARALLEL VERSION (MPICH) RUNNING IN SERIAL MODE USING SINGLE PROCESS

 EXECUTION OF FIREFLY BEGUN 16:34:34 14-AUG-2017    

            ECHO OF THE FIRST FEW INPUT CARDS -
 INPUT CARD> $CONTRL SCFTYP=RHF RUNTYP=HESSIAN                                              
 INPUT CARD>         NPRINT=3 AIMPAC=1 $END                                                 
 INPUT CARD> $BASIS  GBASIS=STO NGAUSS=3 $END                                               
 INPUT CARD> $GUESS  GUESS=HUCKEL $END                                                      
 INPUT CARD> $DFT DFTTYP=B3LYP $END                                                         
 INPUT CARD> $DATA                                                                          
 INPUT CARD>divinylbenzene                                                                  
 INPUT CARD>C1                                                                              
 INPUT CARD> C           6.0  -1.3941107509   0.2208293139  -0.0000006358                   
 INPUT CARD> C           6.0   1.3941117303  -0.2208286332   0.0000001833                   
 INPUT CARD> C           6.0  -0.4923471898   1.2865901825   0.0000004498                   
 INPUT CARD> C           6.0   0.4923475777  -1.2865905816  -0.0000002578                   
 INPUT CARD> C           6.0   0.8730878671   1.0735285539  -0.0000001091                   
 INPUT CARD> C           6.0  -0.8730884520  -1.0735286998   0.0000003926                   
 INPUT CARD> H           1.0  -0.8722851923   2.3002954887  -0.0000000724                   
 INPUT CARD> H           1.0   0.8722851289  -2.3002953663   0.0000001108                   
 INPUT CARD> H           1.0   1.5386658953   1.9257987082  -0.0000000254                   
 INPUT CARD> H           1.0  -1.5386657690  -1.9257986267   0.0000000106                   
 INPUT CARD> C           6.0   2.8623037181  -0.5087991700   0.0000000237                   
 INPUT CARD> C           6.0  -2.8623098309   0.5087922913  -0.0000000180                   
 INPUT CARD> H           1.0   3.1073252530  -1.5651468624  -0.0000001787                   
 INPUT CARD> H           1.0  -3.1073253929   1.5651483745   0.0000000097                   
 INPUT CARD> C           6.0   3.8384128426   0.3703036622   0.0000000976                   
 INPUT CARD> C           6.0  -3.8384060608  -0.3702972735   0.0000000360                   
 INPUT CARD> H           1.0   3.6716782259   1.4377653068   0.0000000044                   
 INPUT CARD> H           1.0  -3.6716782109  -1.4377668312  -0.0000000001                   
 INPUT CARD> H           1.0   4.8737900006   0.0590112925  -0.0000000359                   
 INPUT CARD> H           1.0  -4.8737913900  -0.0590111296   0.0000000148                   
 INPUT CARD> $END                                                                           
   20000000 WORDS OF MEMORY AVAILABLE

 This job is executing on     1 unique host(s)
 Minimum number of processes per host is:    1
 Maximum number of processes per host is:    1

 On master's host, detected    4 CPU core(s) in aggregate

 Warning: running without fastdiag runtime extension!

 Warning: HTT is enabled, bitmask of physically unique cores is 0x0000000A

 SMT aware parts of program will use              2 threads.

 Creating thread pool to serve up to            128 threads.

 Activating Call64 option.

 Using 64-bit DGEMM by default.

     BASIS OPTIONS
     -------------
     GBASIS=STO          IGAUSS=       3      POLAR=NONE    
     NDFUNC=       0     NFFUNC=       0     DIFFSP=       F
     NPFUNC=       0      DIFFS=       F


     RUN TITLE
     ---------
 divinylbenzene                                                                  

 THE POINT GROUP OF THE MOLECULE IS C1      
 THE ORDER OF THE PRINCIPAL AXIS IS     0

 ATOM      ATOMIC                      COORDINATES (BOHR)
           CHARGE         X                   Y                   Z
 C           6.0    -2.6344875078        0.4173069237       -0.0000012015
 C           6.0     2.6344893586       -0.4173056374        0.0000003464
 C           6.0    -0.9304013474        2.4313030806        0.0000008500
 C           6.0     0.9304020804       -2.4313038348       -0.0000004872
 C           6.0     1.6498969523        2.0286749547       -0.0000002062
 C           6.0    -1.6498980576       -2.0286752304        0.0000007419
 H           1.0    -1.6483801167        4.3469284813       -0.0000001368
 H           1.0     1.6483799969       -4.3469282500        0.0000002094
 H           1.0     2.9076571407        3.6392321313       -0.0000000480
 H           1.0    -2.9076569020       -3.6392319772        0.0000000200
 C           6.0     5.4089701151       -0.9614910842        0.0000000448
 C           6.0    -5.4089816666        0.9614780853       -0.0000000340
 H           1.0     5.8719937109       -2.9576989161       -0.0000003377
 H           1.0    -5.8719939753        2.9577017735        0.0000000183
 C           6.0     7.2535490290        0.6997725048        0.0000001844
 C           6.0    -7.2535362132       -0.6997604319        0.0000000680
 H           1.0     6.9384662678        2.7169826625        0.0000000083
 H           1.0    -6.9384662394       -2.7169855432       -0.0000000002
 H           1.0     9.2101282941        0.1115151811       -0.0000000678
 H           1.0    -9.2101309197       -0.1115148733        0.0000000280

          INTERNUCLEAR DISTANCES (ANGS.)
          ------------------------------

                    C              C              C              C         

  1  C               0.0000000      2.8229854 *    1.3960744 *    2.4147546 *  
  2  C               2.8229854 *    0.0000000      2.4147544 *    1.3960756 *  
  3  C               1.3960744 *    2.4147544 *    0.0000000      2.7551557 *  
  4  C               2.4147546 *    1.3960756 *    2.7551557 *    0.0000000    
  5  C               2.4222480 *    1.3952872 *    1.3819581 *    2.3906329 *  
  6  C               1.3952874 *    2.4222498 *    2.3906328 *    1.3819591 *  
  7  H               2.1439406 *    3.3900770      1.0825670 *    3.8377043    
  8  H               3.3900767      2.1439414 *    3.8377037      1.0825664 *  
  9  H               3.3923590      2.1514890 *    2.1292256 *    3.3784948    
 10  H               2.1514896 *    3.3923600      3.3784944      2.1292257 *  
 11  C               4.3184976      1.4961667 *    3.8048792      2.4943239 *  
 12  C               1.4961722 *    4.3185034      2.4943321 *    3.8048819    
 13  H               4.8427923      2.1776804 *    4.5923900      2.6297722 *  
 14  H               2.1776818 *    4.8427936      2.6297729 *    4.5923916    
 15  C               5.2346581      2.5147655 *    4.4266312      3.7338253    
 16  C               2.5147585 *    5.2346522      3.7338165      4.4266263    
 17  H               5.2099089      2.8174888 *    4.1667687      4.1869151    
 18  H               2.8174909 *    5.2099104      4.1869162      4.1667691    
 19  H               6.2699892      3.4909127      5.5047596      4.5834138    
 20  H               3.4909151      6.2699916      4.5834153      5.5047615    

                    C              C              H              H         

  1  C               2.4222480 *    1.3952874 *    2.1439406 *    3.3900767    
  2  C               1.3952872 *    2.4222498 *    3.3900770      2.1439414 *  
  3  C               1.3819581 *    2.3906328 *    1.0825670 *    3.8377037    
  4  C               2.3906329 *    1.3819591 *    3.8377043      1.0825664 *  
  5  C               0.0000000      2.7674874 *    2.1333739 *    3.3738240    
  6  C               2.7674874 *    0.0000000      3.3738243      2.1333742 *  
  7  H               2.1333739 *    3.3738243      0.0000000      4.9202603    
  8  H               3.3738240      2.1333742 *    4.9202603      0.0000000    
  9  H               1.0813688 *    3.8487042      2.4398633 *    4.2783098    
 10  H               3.8487036      1.0813682 *    4.2783098      2.4398631 *  
 11  C               2.5417987 *    3.7778399      4.6731325      2.6776170 *  
 12  C               3.7778463      2.5417989 *    2.6776261 *    4.6731331    
 13  H               3.4575171      4.0106585      5.5478774      2.3528382 *  
 14  H               4.0106583      3.4575181      2.3528379 *    5.5478784    
 15  C               3.0475691      4.9277679      5.0907312      3.9912420    
 16  C               4.9277589      3.0475634      3.9912327      5.0907273    
 17  H               2.8221935 *    5.1924466      4.6251013      4.6700856    
 18  H               5.1924467      2.8221931 *    4.6700868      4.6251009    
 19  H               4.1273312      5.8574106      6.1677172      4.6452523    
 20  H               5.8574113      4.1273321      4.6452534      6.1677184    

                    H              H              C              C         

  1  C               3.3923590      2.1514896 *    4.3184976      1.4961722 *  
  2  C               2.1514890 *    3.3923600      1.4961667 *    4.3185034    
  3  C               2.1292256 *    3.3784944      3.8048792      2.4943321 *  
  4  C               3.3784948      2.1292257 *    2.4943239 *    3.8048819    
  5  C               1.0813688 *    3.8487036      2.5417987 *    3.7778463    
  6  C               3.8487042      1.0813682 *    3.7778399      2.5417989 *  
  7  H               2.4398633 *    4.2783098      4.6731325      2.6776261 *  
  8  H               4.2783098      2.4398631 *    2.6776170 *    4.6731331    
  9  H               0.0000000      4.9299870      2.7711521 *    4.6234721    
 10  H               4.9299870      0.0000000      4.6234641      2.7711490 *  
 11  C               2.7711521 *    4.6234641      0.0000000      5.8143523    
 12  C               4.6234721      2.7711490 *    5.8143523      0.0000000    
 13  H               3.8271913      4.6599681      1.0843920 *    6.3196334    
 14  H               4.6599682      3.8271927      6.3196305      1.0843988 *  
 15  C               2.7764007 *    5.8467991      1.3136251 *    6.7021536    
 16  C               5.8467905      2.7763987 *    6.7021410      1.3136066 *  
 17  H               2.1881312 *    6.2017132      2.1081272 *    6.5996963    
 18  H               6.2017142      2.1881310 *    6.5996894      2.1081199 *  
 19  H               3.8220345      6.7126045      2.0900923 *    7.7491641    
 20  H               6.7126059      3.8220359      7.7491597      2.0900858 *  

                    H              H              C              C         

  1  C               4.8427923      2.1776818 *    5.2346581      2.5147585 *  
  2  C               2.1776804 *    4.8427936      2.5147655 *    5.2346522    
  3  C               4.5923900      2.6297729 *    4.4266312      3.7338165    
  4  C               2.6297722 *    4.5923916      3.7338253      4.4266263    
  5  C               3.4575171      4.0106583      3.0475691      4.9277589    
  6  C               4.0106585      3.4575181      4.9277679      3.0475634    
  7  H               5.5478774      2.3528379 *    5.0907312      3.9912327    
  8  H               2.3528382 *    5.5478784      3.9912420      5.0907273    
  9  H               3.8271913      4.6599682      2.7764007 *    5.8467905    
 10  H               4.6599681      3.8271927      5.8467991      2.7763987 *  
 11  C               1.0843920 *    6.3196305      1.3136251 *    6.7021410    
 12  C               6.3196334      1.0843988 *    6.7021536      1.3136066 *  
 13  H               0.0000000      6.9584934      2.0689267 *    7.0477549    
 14  H               6.9584934      0.0000000      7.0477609      2.0689197 *  
 15  C               2.0689267 *    7.0477609      0.0000000      7.7124599    
 16  C               7.0477549      2.0689197 *    7.7124599      0.0000000    
 17  H               3.0554829      6.7802003      1.0804049 *    7.7246654    
 18  H               6.7802001      3.0554859      7.7246739      1.0804117 *  
 19  H               2.3996432 *    8.1219857      1.0811609 *    8.7227671    
 20  H               8.1219867      2.3996450 *    8.7227756      1.0811669 *  

                    H              H              H              H         

  1  C               5.2099089      2.8174909 *    6.2699892      3.4909151    
  2  C               2.8174888 *    5.2099104      3.4909127      6.2699916    
  3  C               4.1667687      4.1869162      5.5047596      4.5834153    
  4  C               4.1869151      4.1667691      4.5834138      5.5047615    
  5  C               2.8221935 *    5.1924467      4.1273312      5.8574113    
  6  C               5.1924466      2.8221931 *    5.8574106      4.1273321    
  7  H               4.6251013      4.6700868      6.1677172      4.6452534    
  8  H               4.6700856      4.6251009      4.6452523      6.1677184    
  9  H               2.1881312 *    6.2017142      3.8220345      6.7126059    
 10  H               6.2017132      2.1881310 *    6.7126045      3.8220359    
 11  C               2.1081272 *    6.5996894      2.0900923 *    7.7491597    
 12  C               6.5996963      2.1081199 *    7.7491641      2.0900858 *  
 13  H               3.0554829      6.7802001      2.3996432 *    8.1219867    
 14  H               6.7802003      3.0554859      8.1219857      2.3996450 *  
 15  C               1.0804049 *    7.7246739      1.0811609 *    8.7227756    
 16  C               7.7246654      1.0804117 *    8.7227671      1.0811669 *  
 17  H               0.0000000      7.8862899      1.8292171 *    8.6755628    
 18  H               7.8862899      0.0000000      8.6755618      1.8292193 *  
 19  H               1.8292171 *    8.6755618      0.0000000      9.7482959    
 20  H               8.6755628      1.8292193 *    9.7482959      0.0000000    

  * ... LESS THAN  3.000


     ATOMIC BASIS SET
     ----------------
 THE CONTRACTED PRIMITIVE FUNCTIONS HAVE BEEN UNNORMALIZED
 THE CONTRACTED BASIS FUNCTIONS ARE NOW NORMALIZED TO UNITY

 SHELL TYPE PRIM    EXPONENT          CONTRACTION COEFFICIENTS

 C         

   1   S    1      71.616837    2.707814 (  0.154329) 
   1   S    2      13.045096    2.618880 (  0.535328) 
   1   S    3       3.530512    0.816191 (  0.444635) 

   2   L    4       2.941249   -0.160017 ( -0.099967)     0.856045 (  0.155916) 
   2   L    5       0.683483    0.214036 (  0.399513)     0.538304 (  0.607684) 
   2   L    6       0.222290    0.161536 (  0.700115)     0.085276 (  0.391957) 

 C         

   3   S    7      71.616837    2.707814 (  0.154329) 
   3   S    8      13.045096    2.618880 (  0.535328) 
   3   S    9       3.530512    0.816191 (  0.444635) 

   4   L   10       2.941249   -0.160017 ( -0.099967)     0.856045 (  0.155916) 
   4   L   11       0.683483    0.214036 (  0.399513)     0.538304 (  0.607684) 
   4   L   12       0.222290    0.161536 (  0.700115)     0.085276 (  0.391957) 

 C         

   5   S   13      71.616837    2.707814 (  0.154329) 
   5   S   14      13.045096    2.618880 (  0.535328) 
   5   S   15       3.530512    0.816191 (  0.444635) 

   6   L   16       2.941249   -0.160017 ( -0.099967)     0.856045 (  0.155916) 
   6   L   17       0.683483    0.214036 (  0.399513)     0.538304 (  0.607684) 
   6   L   18       0.222290    0.161536 (  0.700115)     0.085276 (  0.391957) 

 C         

   7   S   19      71.616837    2.707814 (  0.154329) 
   7   S   20      13.045096    2.618880 (  0.535328) 
   7   S   21       3.530512    0.816191 (  0.444635) 

   8   L   22       2.941249   -0.160017 ( -0.099967)     0.856045 (  0.155916) 
   8   L   23       0.683483    0.214036 (  0.399513)     0.538304 (  0.607684) 
   8   L   24       0.222290    0.161536 (  0.700115)     0.085276 (  0.391957) 

 C         

   9   S   25      71.616837    2.707814 (  0.154329) 
   9   S   26      13.045096    2.618880 (  0.535328) 
   9   S   27       3.530512    0.816191 (  0.444635) 

  10   L   28       2.941249   -0.160017 ( -0.099967)     0.856045 (  0.155916) 
  10   L   29       0.683483    0.214036 (  0.399513)     0.538304 (  0.607684) 
  10   L   30       0.222290    0.161536 (  0.700115)     0.085276 (  0.391957) 

 C         

  11   S   31      71.616837    2.707814 (  0.154329) 
  11   S   32      13.045096    2.618880 (  0.535328) 
  11   S   33       3.530512    0.816191 (  0.444635) 

  12   L   34       2.941249   -0.160017 ( -0.099967)     0.856045 (  0.155916) 
  12   L   35       0.683483    0.214036 (  0.399513)     0.538304 (  0.607684) 
  12   L   36       0.222290    0.161536 (  0.700115)     0.085276 (  0.391957) 

 H         

  13   S   37       3.425251    0.276934 (  0.154329) 
  13   S   38       0.623914    0.267839 (  0.535328) 
  13   S   39       0.168855    0.083474 (  0.444635) 

 H         

  14   S   40       3.425251    0.276934 (  0.154329) 
  14   S   41       0.623914    0.267839 (  0.535328) 
  14   S   42       0.168855    0.083474 (  0.444635) 

 H         

  15   S   43       3.425251    0.276934 (  0.154329) 
  15   S   44       0.623914    0.267839 (  0.535328) 
  15   S   45       0.168855    0.083474 (  0.444635) 

 H         

  16   S   46       3.425251    0.276934 (  0.154329) 
  16   S   47       0.623914    0.267839 (  0.535328) 
  16   S   48       0.168855    0.083474 (  0.444635) 

 C         

  17   S   49      71.616837    2.707814 (  0.154329) 
  17   S   50      13.045096    2.618880 (  0.535328) 
  17   S   51       3.530512    0.816191 (  0.444635) 

  18   L   52       2.941249   -0.160017 ( -0.099967)     0.856045 (  0.155916) 
  18   L   53       0.683483    0.214036 (  0.399513)     0.538304 (  0.607684) 
  18   L   54       0.222290    0.161536 (  0.700115)     0.085276 (  0.391957) 

 C         

  19   S   55      71.616837    2.707814 (  0.154329) 
  19   S   56      13.045096    2.618880 (  0.535328) 
  19   S   57       3.530512    0.816191 (  0.444635) 

  20   L   58       2.941249   -0.160017 ( -0.099967)     0.856045 (  0.155916) 
  20   L   59       0.683483    0.214036 (  0.399513)     0.538304 (  0.607684) 
  20   L   60       0.222290    0.161536 (  0.700115)     0.085276 (  0.391957) 

 H         

  21   S   61       3.425251    0.276934 (  0.154329) 
  21   S   62       0.623914    0.267839 (  0.535328) 
  21   S   63       0.168855    0.083474 (  0.444635) 

 H         

  22   S   64       3.425251    0.276934 (  0.154329) 
  22   S   65       0.623914    0.267839 (  0.535328) 
  22   S   66       0.168855    0.083474 (  0.444635) 

 C         

  23   S   67      71.616837    2.707814 (  0.154329) 
  23   S   68      13.045096    2.618880 (  0.535328) 
  23   S   69       3.530512    0.816191 (  0.444635) 

  24   L   70       2.941249   -0.160017 ( -0.099967)     0.856045 (  0.155916) 
  24   L   71       0.683483    0.214036 (  0.399513)     0.538304 (  0.607684) 
  24   L   72       0.222290    0.161536 (  0.700115)     0.085276 (  0.391957) 

 C         

  25   S   73      71.616837    2.707814 (  0.154329) 
  25   S   74      13.045096    2.618880 (  0.535328) 
  25   S   75       3.530512    0.816191 (  0.444635) 

  26   L   76       2.941249   -0.160017 ( -0.099967)     0.856045 (  0.155916) 
  26   L   77       0.683483    0.214036 (  0.399513)     0.538304 (  0.607684) 
  26   L   78       0.222290    0.161536 (  0.700115)     0.085276 (  0.391957) 

 H         

  27   S   79       3.425251    0.276934 (  0.154329) 
  27   S   80       0.623914    0.267839 (  0.535328) 
  27   S   81       0.168855    0.083474 (  0.444635) 

 H         

  28   S   82       3.425251    0.276934 (  0.154329) 
  28   S   83       0.623914    0.267839 (  0.535328) 
  28   S   84       0.168855    0.083474 (  0.444635) 

 H         

  29   S   85       3.425251    0.276934 (  0.154329) 
  29   S   86       0.623914    0.267839 (  0.535328) 
  29   S   87       0.168855    0.083474 (  0.444635) 

 H         

  30   S   88       3.425251    0.276934 (  0.154329) 
  30   S   89       0.623914    0.267839 (  0.535328) 
  30   S   90       0.168855    0.083474 (  0.444635) 

 TOTAL NUMBER OF SHELLS              =   30
 TOTAL NUMBER OF BASIS FUNCTIONS     =   60
 NUMBER OF ELECTRONS                 =   70
 CHARGE OF MOLECULE                  =    0
 STATE MULTIPLICITY                  =    1
 NUMBER OF OCCUPIED ORBITALS (ALPHA) =   35
 NUMBER OF OCCUPIED ORBITALS (BETA ) =   35
 TOTAL NUMBER OF ATOMS               =   20
 THE NUCLEAR REPULSION ENERGY IS      452.0957599622

     $CONTRL OPTIONS
     ---------------
     SCFTYP=RHF          RUNTYP=HESSIAN      EXETYP=RUN     
     MPLEVL=       0     LOCAL =NONE         UNITS =ANGS    
     MULT  =       1     ICHARG=       0     MAXIT =      30
     NPRINT=       3     IREST =       0     COORD =UNIQUE  
     ECP   =NONE         NORMF =       0     NORMP =       0
     ITOL  =      20     ICUT  =       9     NZVAR =       0
     NOSYM =       0     INTTYP=POPLE        GEOM  =INPUT   
     PLTORB=       F     MOLPLT=       F     RPAC  =       F
     AIMPAC=       1     FRIEND=             CITYP =NONE    
     DFTTYP=NONE    

     $SYSTEM OPTIONS
     ---------------
     KDIAG =       0     MEMORY= 20000000     TIMLIM=   172800.0 SEC.
     COREFL=       F     PTIME =        F     XDR   =       F
     BALTYP=LOOP         CBASE = EFD41000     FBASE = 00000000

          ----------------
          PROPERTIES INPUT
          ----------------

     MOMENTS            FIELD           POTENTIAL          DENSITY
 IEMOM =       1   IEFLD =       0   IEPOT =       0   IEDEN =       0
 WHERE =COMASS     WHERE =NUCLEI     WHERE =NUCLEI     WHERE =NUCLEI  
 OUTPUT=BOTH       OUTPUT=BOTH       OUTPUT=BOTH       OUTPUT=BOTH    
 IEMINT=       0   IEFINT=       0                     IEDINT=       0
                                                       MORB  =       0

          EXTRAPOLATION IN EFFECT
          SOSCF IN EFFECT

          ----------------------
          INTEGRAL INPUT OPTIONS
          ----------------------
 NOPK  =       1 NORDER=       0 SCHWRZ=       T

 ATTENTION! AO INTEGRALS WILL BE PACKED.
 THRESHOLD FOR PACKING PKTHR =  0.10000000D-01

     -------------------------------
     INTEGRAL TRANSFORMATION OPTIONS
     -------------------------------
     NWORD  =       0     CUTTRF = 1.0E-09
     MPTRAN =       0     DIRTRF =       F
     AOINTS =DUP          IREST  =       0

     ------------------------------------------
     THE POINT GROUP IS C1 , NAXIS= 0, ORDER= 1
     ------------------------------------------

     DIMENSIONS OF THE SYMMETRY SUBSPACES ARE
 A   =  60

 ..... DONE SETTING UP THE RUN .....

 CPU        TIME:   STEP =      0.04 ,  TOTAL =        0.1 SECONDS (    0.0 MIN)
 WALL CLOCK TIME:   STEP =      0.05 ,  TOTAL =        0.1 SECONDS (    0.0 MIN)
 CPU UTILIZATION:   STEP =     76.01%,  TOTAL =     152.03%

     ---------------------------------
     HESSIAN MATRIX CONTROL PARAMETERS
     ---------------------------------
     METHOD=ANALYTIC   NVIB  =       1   VIBSIZ= 0.01000
     RDHESS=       F   PURIFY=       F   PRTIFC=       F
     VIBANL=       T   DECOMP=       F   PROJCT=       F
     SCLFAC= 1.00000   PRTSCN=       F   NPRT  =       0
     PULCOR=       F   NPUN  =       0   REDOVB=       T
     THERMOCHEMISTRY WILL BE PRINTED FOR    1 TEMPERATURES:
      298.15000

     ------------------------------
     CPHF RESPONSE SOLUTION OPTIONS
     ------------------------------
     POLAR  =       F     NWORD  =       0
     MXCPIT =      50     CPTOL  =0.10E-04

          ********************
          1 ELECTRON INTEGRALS
          ********************
OVERLAP MATRIX

                      1          2          3          4          5

    1  C   1  S   1.000000
    2  C   1  S   0.248362   1.000000
    3  C   1  X   0.000000   0.000000   1.000000
    4  C   1  Y   0.000000   0.000000   0.000000   1.000000
    5  C   1  Z   0.000000   0.000000   0.000000   0.000000   1.000000
    6  C   2  S   0.000000   0.000367   0.000973  -0.000154   0.000000
    7  C   2  S   0.000367   0.024374   0.038952  -0.006170   0.000000
    8  C   2  X  -0.000973  -0.038952  -0.057665   0.010615   0.000000
    9  C   2  Y   0.000154   0.006170   0.010615   0.007669   0.000000
   10  C   2  Z   0.000000   0.000000   0.000000   0.000000   0.009350
   11  C   3  S   0.000001   0.037865   0.040550   0.047924   0.000000
   12  C   3  S   0.037865   0.366612   0.251468   0.297201   0.000000
   13  C   3  X  -0.040550  -0.251468  -0.011841  -0.267561   0.000000
   14  C   3  Y  -0.047924  -0.297201  -0.267561  -0.101673   0.000000
   15  C   3  Z   0.000000   0.000000   0.000000   0.000000   0.214547
   16  C   4  S   0.000000   0.001852   0.003330  -0.002661   0.000000
   17  C   4  S   0.001852   0.061465   0.070613  -0.056425   0.000000
   18  C   4  X  -0.003330  -0.070613  -0.063833   0.071583   0.000000
   19  C   4  Y   0.002661   0.056425   0.071583  -0.031450   0.000000
   20  C   4  Z   0.000000   0.000000   0.000000   0.000000   0.025750
   21  C   5  S   0.000000   0.001802   0.003893   0.001464   0.000000
   22  C   5  S   0.001802   0.060494   0.083422   0.031375   0.000000
   23  C   5  X  -0.003893  -0.083422  -0.101666  -0.047752   0.000000
   24  C   5  Y  -0.001464  -0.031375  -0.047752   0.007338   0.000000
   25  C   5  Z   0.000000   0.000000   0.000000   0.000000   0.025298
   26  C   6  S   0.000001   0.037937   0.023486  -0.058346   0.000000
   27  C   6  S   0.037937   0.367007   0.145482  -0.361416   0.000000
   28  C   6  X  -0.023486  -0.145482   0.139146   0.188077   0.000000
   29  C   6  Y   0.058346   0.361416   0.188077  -0.252380   0.000000
   30  C   6  Z   0.000000   0.000000   0.000000   0.000000   0.214854
   31  H   7  S   0.005587   0.099409   0.031128   0.124043   0.000000
   32  H   8  S   0.000101   0.006826   0.007536  -0.008383   0.000000
   33  H   9  S   0.000100   0.006787   0.009694   0.005636   0.000000
   34  H  10  S   0.005481   0.098052  -0.008490  -0.126083   0.000000
   35  C  11  S   0.000000   0.000000   0.000000   0.000000   0.000000
   36  C  11  S   0.000000   0.000305   0.000660  -0.000113   0.000000
   37  C  11  X   0.000000  -0.000660  -0.001350   0.000248   0.000000
   38  C  11  Y   0.000000   0.000113   0.000248   0.000056   0.000000
   39  C  11  Z   0.000000   0.000000   0.000000   0.000000   0.000098
   40  C  12  S   0.000000   0.029673  -0.048560   0.009524   0.000000
   41  C  12  S   0.029673   0.318377  -0.346014   0.067865   0.000000
   42  C  12  X   0.048560   0.346014  -0.301631   0.094163   0.000000
   43  C  12  Y  -0.009524  -0.067865   0.094163   0.159994   0.000000
   44  C  12  Z   0.000000   0.000000   0.000000   0.000000   0.178463
   45  H  13  S   0.000000   0.000101   0.000200  -0.000079   0.000000
   46  H  14  S   0.005128   0.093464  -0.095351   0.074820   0.000000
   47  C  15  S   0.000000   0.000000   0.000000   0.000000   0.000000
   48  C  15  S   0.000000   0.000009   0.000024   0.000001   0.000000
   49  C  15  X   0.000000  -0.000024  -0.000061  -0.000002   0.000000
   50  C  15  Y   0.000000  -0.000001  -0.000002   0.000003   0.000000
   51  C  15  Z   0.000000   0.000000   0.000000   0.000000   0.000003
   52  C  16  S   0.000000   0.001275  -0.002967  -0.000718   0.000000
   53  C  16  S   0.001275   0.049535  -0.072568  -0.017550   0.000000
   54  C  16  X   0.002967   0.072568  -0.096280  -0.028188   0.000000
   55  C  16  Y   0.000718   0.017550  -0.028188   0.013458   0.000000
   56  C  16  Z   0.000000   0.000000   0.000000   0.000000   0.020275
   57  H  17  S   0.000000   0.000028   0.000062   0.000015   0.000000
   58  H  18  S   0.000795   0.025875  -0.031134  -0.022673   0.000000
   59  H  19  S   0.000000   0.000000   0.000001   0.000000   0.000000
   60  H  20  S   0.000067   0.005301  -0.008879  -0.000714   0.000000

                      6          7          8          9         10

    6  C   2  S   1.000000
    7  C   2  S   0.248362   1.000000
    8  C   2  X   0.000000   0.000000   1.000000
    9  C   2  Y   0.000000   0.000000   0.000000   1.000000
   10  C   2  Z   0.000000   0.000000   0.000000   0.000000   1.000000
   11  C   3  S   0.000000   0.001852  -0.003330   0.002661   0.000000
   12  C   3  S   0.001852   0.061465  -0.070614   0.056425   0.000000
   13  C   3  X   0.003330   0.070614  -0.063833   0.071583   0.000000
   14  C   3  Y  -0.002661  -0.056425   0.071583  -0.031450   0.000000
   15  C   3  Z   0.000000   0.000000   0.000000   0.000000   0.025750
   16  C   4  S   0.000001   0.037865  -0.040550  -0.047924   0.000000
   17  C   4  S   0.037865   0.366611  -0.251468  -0.297201   0.000000
   18  C   4  X   0.040550   0.251468  -0.011842  -0.267560   0.000000
   19  C   4  Y   0.047924   0.297201  -0.267560  -0.101673   0.000000
   20  C   4  Z   0.000000   0.000000   0.000000   0.000000   0.214547
   21  C   5  S   0.000001   0.037937  -0.023486   0.058346   0.000000
   22  C   5  S   0.037937   0.367007  -0.145482   0.361416   0.000000
   23  C   5  X   0.023486   0.145482   0.139146   0.188077   0.000000
   24  C   5  Y  -0.058346  -0.361416   0.188077  -0.252379   0.000000
   25  C   5  Z   0.000000   0.000000   0.000000   0.000000   0.214854
   26  C   6  S   0.000000   0.001802  -0.003893  -0.001464   0.000000
   27  C   6  S   0.001802   0.060494  -0.083422  -0.031375   0.000000
   28  C   6  X   0.003893   0.083422  -0.101666  -0.047751   0.000000
   29  C   6  Y   0.001464   0.031375  -0.047751   0.007338   0.000000
   30  C   6  Z   0.000000   0.000000   0.000000   0.000000   0.025298
   31  H   7  S   0.000101   0.006826  -0.007536   0.008383   0.000000
   32  H   8  S   0.005587   0.099409  -0.031128  -0.124042   0.000000
   33  H   9  S   0.005481   0.098052   0.008490   0.126083   0.000000
   34  H  10  S   0.000100   0.006787  -0.009694  -0.005636   0.000000
   35  C  11  S   0.000000   0.029673   0.048561  -0.009525   0.000000
   36  C  11  S   0.029673   0.318380   0.346015  -0.067867   0.000000
   37  C  11  X  -0.048561  -0.346015  -0.301631   0.094166   0.000000
   38  C  11  Y   0.009525   0.067867   0.094166   0.159995   0.000000
   39  C  11  Z   0.000000   0.000000   0.000000   0.000000   0.178465
   40  C  12  S   0.000000   0.000000   0.000000   0.000000   0.000000
   41  C  12  S   0.000000   0.000305  -0.000660   0.000113   0.000000
   42  C  12  X   0.000000   0.000660  -0.001350   0.000248   0.000000
   43  C  12  Y   0.000000  -0.000113   0.000248   0.000056   0.000000
   44  C  12  Z   0.000000   0.000000   0.000000   0.000000   0.000098
   45  H  13  S   0.005128   0.093465   0.095351  -0.074820   0.000000
   46  H  14  S   0.000000   0.000101  -0.000200   0.000079   0.000000
   47  C  15  S   0.000000   0.001275   0.002967   0.000718   0.000000
   48  C  15  S   0.001275   0.049535   0.072567   0.017550   0.000000
   49  C  15  X  -0.002967  -0.072567  -0.096279  -0.028187   0.000000
   50  C  15  Y  -0.000718  -0.017550  -0.028187   0.013458   0.000000
   51  C  15  Z   0.000000   0.000000   0.000000   0.000000   0.020275
   52  C  16  S   0.000000   0.000000   0.000000   0.000000   0.000000
   53  C  16  S   0.000000   0.000009  -0.000024  -0.000001   0.000000
   54  C  16  X   0.000000   0.000024  -0.000061  -0.000002   0.000000
   55  C  16  Y   0.000000   0.000001  -0.000002   0.000003   0.000000
   56  C  16  Z   0.000000   0.000000   0.000000   0.000000   0.000003
   57  H  17  S   0.000795   0.025875   0.031134   0.022673   0.000000
   58  H  18  S   0.000000   0.000028  -0.000062  -0.000015   0.000000
   59  H  19  S   0.000067   0.005301   0.008879   0.000714   0.000000
   60  H  20  S   0.000000   0.000000  -0.000001   0.000000   0.000000

                     11         12         13         14         15

   11  C   3  S   1.000000
   12  C   3  S   0.248362   1.000000
   13  C   3  X   0.000000   0.000000   1.000000
   14  C   3  Y   0.000000   0.000000   0.000000   1.000000
   15  C   3  Z   0.000000   0.000000   0.000000   0.000000   1.000000
   16  C   4  S   0.000000   0.000489   0.000458  -0.001196   0.000000
   17  C   4  S   0.000489   0.028653   0.016322  -0.042652   0.000000
   18  C   4  X  -0.000458  -0.016322   0.001094   0.026253   0.000000
   19  C   4  Y   0.001196   0.042652   0.026253  -0.057463   0.000000
   20  C   4  Z   0.000000   0.000000   0.000000   0.000000   0.011140
   21  C   5  S   0.000001   0.039166   0.064149  -0.010010   0.000000
   22  C   5  S   0.039166   0.373738   0.389688  -0.060807   0.000000
   23  C   5  X  -0.064149  -0.389688  -0.315380   0.083555   0.000000
   24  C   5  Y   0.010010   0.060807   0.083555   0.207054   0.000000
   25  C   5  Z   0.000000   0.000000   0.000000   0.000000   0.220092
   26  C   6  S   0.000000   0.002022  -0.000734  -0.004550   0.000000
   27  C   6  S   0.002022   0.064680  -0.015057  -0.093335   0.000000
   28  C   6  X   0.000734   0.015057   0.023376  -0.024038   0.000000
   29  C   6  Y   0.004550   0.093335  -0.024038  -0.121751   0.000000
   30  C   6  Z   0.000000   0.000000   0.000000   0.000000   0.027254
   31  H   7  S   0.063366   0.495039  -0.164886   0.439929   0.000000
   32  H   8  S   0.000015   0.002129   0.001350  -0.003548   0.000000
   33  H   9  S   0.005798   0.102099   0.124854   0.039295   0.000000
   34  H  10  S   0.000105   0.007025  -0.003585  -0.011008   0.000000
   35  C  11  S   0.000000   0.000003   0.000009  -0.000005   0.000000
   36  C  11  S   0.000003   0.001642   0.002867  -0.001534   0.000000
   37  C  11  X  -0.000009  -0.002867  -0.004603   0.002757   0.000000
   38  C  11  Y   0.000005   0.001534   0.002757  -0.000928   0.000000
   39  C  11  Z   0.000000   0.000000   0.000000   0.000000   0.000548
   40  C  12  S   0.000000   0.001378  -0.003109  -0.001020   0.000000
   41  C  12  S   0.001378   0.051797  -0.073809  -0.024223   0.000000
   42  C  12  X   0.003109   0.073809  -0.094174  -0.037897   0.000000
   43  C  12  Y   0.001020   0.024223  -0.037897   0.008862   0.000000
   44  C  12  Z   0.000000   0.000000   0.000000   0.000000   0.021300
   45  H  13  S   0.000000   0.000229   0.000365  -0.000289   0.000000
   46  H  14  S   0.001442   0.038573  -0.054983   0.005857   0.000000
   47  C  15  S   0.000000   0.000000   0.000000   0.000000   0.000000
   48  C  15  S   0.000000   0.000209   0.000459  -0.000097   0.000000
   49  C  15  X   0.000000  -0.000459  -0.000951   0.000215   0.000000
   50  C  15  Y   0.000000   0.000097   0.000215   0.000021   0.000000
   51  C  15  Z   0.000000   0.000000   0.000000   0.000000   0.000067
   52  C  16  S   0.000000   0.000004  -0.000013  -0.000006   0.000000
   53  C  16  S   0.000004   0.002041  -0.003572  -0.001769   0.000000
   54  C  16  X   0.000013   0.003572  -0.005762  -0.003192   0.000000
   55  C  16  Y   0.000006   0.001769  -0.003192  -0.000895   0.000000
   56  C  16  Z   0.000000   0.000000   0.000000   0.000000   0.000685
   57  H  17  S   0.000003   0.000840   0.001585   0.000058   0.000000
   58  H  18  S   0.000003   0.000792  -0.001140  -0.000976   0.000000
   59  H  19  S   0.000000   0.000010   0.000022  -0.000005   0.000000
   60  H  20  S   0.000000   0.000236  -0.000458  -0.000141   0.000000

                     16         17         18         19         20

   16  C   4  S   1.000000
   17  C   4  S   0.248362   1.000000
   18  C   4  X   0.000000   0.000000   1.000000
   19  C   4  Y   0.000000   0.000000   0.000000   1.000000
   20  C   4  Z   0.000000   0.000000   0.000000   0.000000   1.000000
   21  C   5  S   0.000000   0.002022   0.000734   0.004550   0.000000
   22  C   5  S   0.002022   0.064680   0.015057   0.093335   0.000000
   23  C   5  X  -0.000734  -0.015057   0.023376  -0.024038   0.000000
   24  C   5  Y  -0.004550  -0.093335  -0.024038  -0.121751   0.000000
   25  C   5  Z   0.000000   0.000000   0.000000   0.000000   0.027254
   26  C   6  S   0.000001   0.039166  -0.064149   0.010010   0.000000
   27  C   6  S   0.039166   0.373737  -0.389687   0.060807   0.000000
   28  C   6  X   0.064149   0.389687  -0.315380   0.083555   0.000000
   29  C   6  Y  -0.010010  -0.060807   0.083555   0.207054   0.000000
   30  C   6  Z   0.000000   0.000000   0.000000   0.000000   0.220092
   31  H   7  S   0.000015   0.002129  -0.001350   0.003548   0.000000
   32  H   8  S   0.063366   0.495039   0.164886  -0.439930   0.000000
   33  H   9  S   0.000105   0.007025   0.003585   0.011008   0.000000
