                          Running on host firzens

          ******************************************************
          *      Firefly version 8.2.0, build number 10203     *
          *   Compiled on    Monday,    19-09-2016, 15:30:23   *
          *Code development and Intel/AMD specific optimization*
          *  Copyright (c) 1994, 2016 by  Alex A. Granovsky,   *
          *          Firefly Project, Moscow, Russia.          *
          *   Some parts of this program include code due to   *
          * work of Jim Kress, Peter Burger, and Robert Ponec. *
          ******************************************************
          *             Firefly Project homepage:              *
          * http://classic.chem.msu.su/gran/firefly/index.html *
          *                      e-mail:                       *
          *               gran@classic.chem.msu.su             *
          *This program is not a free software and is provided *
          *exclusively to its registered users under the terms *
          *       of Firefly package license agreement         *
          * Unauthorized use of Firefly is strongly prohibited *
          *   This program may not be redistributed without    *
          * the specific, written permission of its developers.*
          ******************************************************

          ******************************************************
          *  PARTIALLY BASED ON  US GAMESS VERSION 6 JUN 1999, *
          *   US GAMESS VERSIONS  6 SEP 2001 AND 12 DEC 2003   *
          *             FROM IOWA STATE UNIVERSITY             *
          * M.W.SCHMIDT, K.K.BALDRIDGE, J.A.BOATZ, S.T.ELBERT, *
          *   M.S.GORDON, J.H.JENSEN, S.KOSEKI, N.MATSUNAGA,   *
          *          K.A.NGUYEN, S.J.SU, T.L.WINDUS,           *
          *       TOGETHER WITH M.DUPUIS, J.A.MONTGOMERY       *
          *         J.COMPUT.CHEM.  14, 1347-1363(1993)        *
          ******************************************************


 Core i7    / Linux  Firefly version running under Linux.
 Running on Intel CPU:  Brand ID  0, Family  6, Model  69, Stepping  1
 CPU Brand String    :  Intel(R) Core(TM) i5-4200U CPU @ 1.60GHz        
 CPU Features        :  x87 FPU, CMOV, MMX, SSE, SSE2, SSE3, SSSE3, SSE4.1, SSE4.2, AVX, AVX2, FMA3, HTT, MWAIT, EM64T
 Data cache size     :  L1 32 KB, L2  256 KB, L3  3072 KB
 max    # of   cores/package :   8
 max    # of threads/package :  16
 max     cache sharing level :  16
 actual # of   cores/package :   2
 actual # of threads/package :   4
 actual # of threads/core    :   2
 Operating System successfully passed SSE support test.
 Operating System supports AVX/FMA.


 PARALLEL VERSION (MPICH) RUNNING IN SERIAL MODE USING SINGLE PROCESS

 EXECUTION OF FIREFLY BEGUN 15:16:43 14-AUG-2017    

            ECHO OF THE FIRST FEW INPUT CARDS -
 INPUT CARD> $CONTRL RUNTYP=ENERGY SCFTYP=RHF DFTTYP=B3LYP                                  
 INPUT CARD>         NPRINT=3 AIMPAC=1 $END                                                 
 INPUT CARD> $BASIS  GBASIS=STO NGAUSS=3 $END                                               
 INPUT CARD> $GUESS  GUESS=HUCKEL $END                                                      
 INPUT CARD> $DATA                                                                          
 INPUT CARD>divinylbenzene                                                                  
 INPUT CARD>C1                                                                              
 INPUT CARD> C           6.0  -1.4152533224   0.2302217854   0.0000000000                   
 INPUT CARD> C           6.0   1.4152533224  -0.2302217854   0.0000000000                   
 INPUT CARD> C           6.0  -0.4951331558   1.3144608674   0.0000000000                   
 INPUT CARD> C           6.0   0.4951331558  -1.3144608674   0.0000000000                   
 INPUT CARD> C           6.0   0.8894090436   1.0909493743   0.0000000000                   
 INPUT CARD> C           6.0  -0.8894090436  -1.0909493743   0.0000000000                   
 INPUT CARD> H           1.0  -0.8795511985   2.3437343748   0.0000000000                   
 INPUT CARD> H           1.0   0.8795511985  -2.3437343748   0.0000000000                   
 INPUT CARD> H           1.0   1.5779041557   1.9450061275   0.0000000000                   
 INPUT CARD> H           1.0  -1.5779041557  -1.9450061275   0.0000000000                   
 INPUT CARD> C           6.0   2.8845844962  -0.5210893778   0.0000000000                   
 INPUT CARD> C           6.0  -2.8845844962   0.5210893778   0.0000000000                   
 INPUT CARD> H           1.0   3.1403356810  -1.5919605685   0.0000000000                   
 INPUT CARD> H           1.0  -3.1403356810   1.5919605685   0.0000000000                   
 INPUT CARD> C           6.0   3.8800428103   0.3822535424   0.0000000000                   
 INPUT CARD> C           6.0  -3.8800428103  -0.3822535424   0.0000000000                   
 INPUT CARD> H           1.0   3.6946765858   1.4624389570   0.0000000000                   
 INPUT CARD> H           1.0  -3.6946765858  -1.4624389570   0.0000000000                   
 INPUT CARD> H           1.0   4.9316453546   0.0711049543   0.0000000000                   
 INPUT CARD> H           1.0  -4.9316453546  -0.0711049543   0.0000000000                   
 INPUT CARD> $END                                                                           
   20000000 WORDS OF MEMORY AVAILABLE

 This job is executing on     1 unique host(s)
 Minimum number of processes per host is:    1
 Maximum number of processes per host is:    1

 On master's host, detected    4 CPU core(s) in aggregate

 Warning: running without fastdiag runtime extension!

 Warning: HTT is enabled, bitmask of physically unique cores is 0x0000000A

 SMT aware parts of program will use              2 threads.

 Creating thread pool to serve up to            128 threads.

 Activating Call64 option.

 Using 64-bit DGEMM by default.

     BASIS OPTIONS
     -------------
     GBASIS=STO          IGAUSS=       3      POLAR=NONE    
     NDFUNC=       0     NFFUNC=       0     DIFFSP=       F
     NPFUNC=       0      DIFFS=       F


     RUN TITLE
     ---------
 divinylbenzene                                                                  

 THE POINT GROUP OF THE MOLECULE IS C1      
 THE ORDER OF THE PRINCIPAL AXIS IS     0

 ATOM      ATOMIC                      COORDINATES (BOHR)
           CHARGE         X                   Y                   Z
 C           6.0    -2.6744411775        0.4350561225        0.0000000000
 C           6.0     2.6744411775       -0.4350561225        0.0000000000
 C           6.0    -0.9356660601        2.4839710420        0.0000000000
 C           6.0     0.9356660601       -2.4839710420        0.0000000000
 C           6.0     1.6807395059        2.0615955342        0.0000000000
 C           6.0    -1.6807395059       -2.0615955342        0.0000000000
 H           1.0    -1.6621108785        4.4290160792        0.0000000000
 H           1.0     1.6621108785       -4.4290160792        0.0000000000
 H           1.0     2.9818067065        3.6755288933        0.0000000000
 H           1.0    -2.9818067065       -3.6755288933        0.0000000000
 C           6.0     5.4510746836       -0.9847162109        0.0000000000
 C           6.0    -5.4510746836        0.9847162109        0.0000000000
 H           1.0     5.9343743791       -3.0083694770        0.0000000000
 H           1.0    -5.9343743791        3.0083694770        0.0000000000
 C           6.0     7.3322182665        0.7223545056        0.0000000000
 C           6.0    -7.3322182665       -0.7223545056        0.0000000000
 H           1.0     6.9819268693        2.7636091039        0.0000000000
 H           1.0    -6.9819268693       -2.7636091039        0.0000000000
 H           1.0     9.3194590681        0.1343688898        0.0000000000
 H           1.0    -9.3194590681       -0.1343688898        0.0000000000

          INTERNUCLEAR DISTANCES (ANGS.)
          ------------------------------

                    C              C              C              C         

  1  C               0.0000000      2.8677127 *    1.4220392 *    2.4567501 *  
  2  C               2.8677127 *    0.0000000      2.4567501 *    1.4220392 *  
  3  C               1.4220392 *    2.4567501 *    0.0000000      2.8092449 *  
  4  C               2.4567501 *    1.4220392 *    2.8092449 *    0.0000000    
  5  C               2.4601465 *    1.4219724 *    1.4024673 *    2.4375094 *  
  6  C               1.4219724 *    2.4601465 *    2.4375094 *    1.4024673 *  
  7  H               2.1803468 *    3.4483878      1.0987180 *    3.9079598    
  8  H               3.4483878      2.1803468 *    3.9079598      1.0987180 *  
  9  H               3.4495619      2.1813005 *    2.1668113 *    3.4346060    
 10  H               2.1813005 *    3.4495619      3.4346060      2.1668113 *  
 11  C               4.3649827      1.4978445 *    3.8460026      2.5177204 *  
 12  C               1.4978445 *    4.3649827      2.5177204 *    3.8460026    
 13  H               4.9064997      2.1977811 *    4.6544515      2.6597185 *  
 14  H               2.1977811 *    4.9064997      2.6597185 *    4.6544515    
 15  C               5.2974782      2.5397467 *    4.4733852      3.7863509    
 16  C               2.5397467 *    5.2974782      3.7863509      4.4733852    
 17  H               5.2564002      2.8391673 *    4.1924221      4.2365376    
 18  H               2.8391673 *    5.2564002      4.2365376      4.1924221    
 19  H               6.3488929      3.5292791      5.5673925      4.6478418    
 20  H               3.5292791      6.3488929      4.6478418      5.5673925    

                    C              C              H              H         

  1  C               2.4601465 *    1.4219724 *    2.1803468 *    3.4483878    
  2  C               1.4219724 *    2.4601465 *    3.4483878      2.1803468 *  
  3  C               1.4024673 *    2.4375094 *    1.0987180 *    3.9079598    
  4  C               2.4375094 *    1.4024673 *    3.9079598      1.0987180 *  
  5  C               0.0000000      2.8151156 *    2.1676463 *    3.4346979    
  6  C               2.8151156 *    0.0000000      3.4346979      2.1676463 *  
  7  H               2.1676463 *    3.4346979      0.0000000      5.0066760    
  8  H               3.4346979      2.1676463 *    5.0066760      0.0000000    
  9  H               1.0970134 *    3.9121171      2.4895925 *    4.3452263    
 10  H               3.9121171      1.0970134 *    4.3452263      2.4895925 *  
 11  C               2.5650329 *    3.8167745      4.7303206      2.7096482 *  
 12  C               3.8167745      2.5650329 *    2.7096482 *    4.7303206    
 13  H               3.5020960      4.0607702      5.6257609      2.3825009 *  
 14  H               4.0607702      3.5020960      2.3825009 *    5.6257609    
 15  C               3.0734574      4.9917930      5.1479260      4.0538821    
 16  C               4.9917930      3.0734574      4.0538821      5.1479260    
 17  H               2.8297580 *    5.2472500      4.6583518      4.7341194    
 18  H               5.2472500      2.8297580 *    4.7341194      4.6583518    
 19  H               4.1689036      5.9359114      6.2397796      4.7170877    
 20  H               5.9359114      4.1689036      4.7170877      6.2397796    

                    H              H              C              C         

  1  C               3.4495619      2.1813005 *    4.3649827      1.4978445 *  
  2  C               2.1813005 *    3.4495619      1.4978445 *    4.3649827    
  3  C               2.1668113 *    3.4346060      3.8460026      2.5177204 *  
  4  C               3.4346060      2.1668113 *    2.5177204 *    3.8460026    
  5  C               1.0970134 *    3.9121171      2.5650329 *    3.8167745    
  6  C               3.9121171      1.0970134 *    3.8167745      2.5650329 *  
  7  H               2.4895925 *    4.3452263      4.7303206      2.7096482 *  
  8  H               4.3452263      2.4895925 *    2.7096482 *    4.7303206    
  9  H               0.0000000      5.0091238      2.7908853 *    4.6841588    
 10  H               5.0091238      0.0000000      4.6841588      2.7908853 *  
 11  C               2.7908853 *    4.6841588      0.0000000      5.8625462    
 12  C               4.6841588      2.7908853 *    5.8625462      0.0000000    
 13  H               3.8666944      4.7314298      1.1009876 *    6.3847195    
 14  H               4.7314298      3.8666944      6.3847195      1.1009876 *  
 15  C               2.7824518 *    5.9334073      1.3442342 *    6.7660519    
 16  C               5.9334073      2.7824518 *    6.7660519      1.3442342 *  
 17  H               2.1710819 *    6.2778013      2.1425765 *    6.6462633    
 18  H               6.2778013      2.1710819 *    6.6462633      2.1425765 *  
 19  H               3.8417555      6.8146121      2.1309980 *    7.8291721    
 20  H               6.8146121      3.8417555      7.8291721      2.1309980 *  

                    H              H              C              C         

  1  C               4.9064997      2.1977811 *    5.2974782      2.5397467 *  
  2  C               2.1977811 *    4.9064997      2.5397467 *    5.2974782    
  3  C               4.6544515      2.6597185 *    4.4733852      3.7863509    
  4  C               2.6597185 *    4.6544515      3.7863509      4.4733852    
  5  C               3.5020960      4.0607702      3.0734574      4.9917930    
  6  C               4.0607702      3.5020960      4.9917930      3.0734574    
  7  H               5.6257609      2.3825009 *    5.1479260      4.0538821    
  8  H               2.3825009 *    5.6257609      4.0538821      5.1479260    
  9  H               3.8666944      4.7314298      2.7824518 *    5.9334073    
 10  H               4.7314298      3.8666944      5.9334073      2.7824518 *  
 11  C               1.1009876 *    6.3847195      1.3442342 *    6.7660519    
 12  C               6.3847195      1.1009876 *    6.7660519      1.3442342 *  
 13  H               0.0000000      7.0416040      2.1082429 *    7.1238406    
 14  H               7.0416040      0.0000000      7.1238406      2.1082429 *  
 15  C               2.1082429 *    7.1238406      0.0000000      7.7976535    
 16  C               7.1238406      2.1082429 *    7.7976535      0.0000000    
 17  H               3.1042955      6.8362394      1.0959750 *    7.7961057    
 18  H               6.8362394      3.1042955      7.7961057      1.0959750 *  
 19  H               2.4442948 *    8.2140051      1.0966683 *    8.8233430    
 20  H               8.2140051      2.4442948 *    8.8233430      1.0966683 *  

                    H              H              H              H         

  1  C               5.2564002      2.8391673 *    6.3488929      3.5292791    
  2  C               2.8391673 *    5.2564002      3.5292791      6.3488929    
  3  C               4.1924221      4.2365376      5.5673925      4.6478418    
  4  C               4.2365376      4.1924221      4.6478418      5.5673925    
  5  C               2.8297580 *    5.2472500      4.1689036      5.9359114    
  6  C               5.2472500      2.8297580 *    5.9359114      4.1689036    
  7  H               4.6583518      4.7341194      6.2397796      4.7170877    
  8  H               4.7341194      4.6583518      4.7170877      6.2397796    
  9  H               2.1710819 *    6.2778013      3.8417555      6.8146121    
 10  H               6.2778013      2.1710819 *    6.8146121      3.8417555    
 11  C               2.1425765 *    6.6462633      2.1309980 *    7.8291721    
 12  C               6.6462633      2.1425765 *    7.8291721      2.1309980 *  
 13  H               3.1042955      6.8362394      2.4442948 *    8.2140051    
 14  H               6.8362394      3.1042955      8.2140051      2.4442948 *  
 15  C               1.0959750 *    7.7961057      1.0966683 *    8.8233430    
 16  C               7.7961057      1.0959750 *    8.8233430      1.0966683 *  
 17  H               0.0000000      7.9471662      1.8616933 *    8.7615745    
 18  H               7.9471662      0.0000000      8.7615745      1.8616933 *  
 19  H               1.8616933 *    8.7615745      0.0000000      9.8643159    
 20  H               8.7615745      1.8616933 *    9.8643159      0.0000000    

  * ... LESS THAN  3.000


     ATOMIC BASIS SET
     ----------------
 THE CONTRACTED PRIMITIVE FUNCTIONS HAVE BEEN UNNORMALIZED
 THE CONTRACTED BASIS FUNCTIONS ARE NOW NORMALIZED TO UNITY

 SHELL TYPE PRIM    EXPONENT          CONTRACTION COEFFICIENTS

 C         

   1   S    1      71.616837    2.707814 (  0.154329) 
   1   S    2      13.045096    2.618880 (  0.535328) 
   1   S    3       3.530512    0.816191 (  0.444635) 

   2   L    4       2.941249   -0.160017 ( -0.099967)     0.856045 (  0.155916) 
   2   L    5       0.683483    0.214036 (  0.399513)     0.538304 (  0.607684) 
   2   L    6       0.222290    0.161536 (  0.700115)     0.085276 (  0.391957) 

 C         

   3   S    7      71.616837    2.707814 (  0.154329) 
   3   S    8      13.045096    2.618880 (  0.535328) 
   3   S    9       3.530512    0.816191 (  0.444635) 

   4   L   10       2.941249   -0.160017 ( -0.099967)     0.856045 (  0.155916) 
   4   L   11       0.683483    0.214036 (  0.399513)     0.538304 (  0.607684) 
   4   L   12       0.222290    0.161536 (  0.700115)     0.085276 (  0.391957) 

 C         

   5   S   13      71.616837    2.707814 (  0.154329) 
   5   S   14      13.045096    2.618880 (  0.535328) 
   5   S   15       3.530512    0.816191 (  0.444635) 

   6   L   16       2.941249   -0.160017 ( -0.099967)     0.856045 (  0.155916) 
   6   L   17       0.683483    0.214036 (  0.399513)     0.538304 (  0.607684) 
   6   L   18       0.222290    0.161536 (  0.700115)     0.085276 (  0.391957) 

 C         

   7   S   19      71.616837    2.707814 (  0.154329) 
   7   S   20      13.045096    2.618880 (  0.535328) 
   7   S   21       3.530512    0.816191 (  0.444635) 

   8   L   22       2.941249   -0.160017 ( -0.099967)     0.856045 (  0.155916) 
   8   L   23       0.683483    0.214036 (  0.399513)     0.538304 (  0.607684) 
   8   L   24       0.222290    0.161536 (  0.700115)     0.085276 (  0.391957) 

 C         

   9   S   25      71.616837    2.707814 (  0.154329) 
   9   S   26      13.045096    2.618880 (  0.535328) 
   9   S   27       3.530512    0.816191 (  0.444635) 

  10   L   28       2.941249   -0.160017 ( -0.099967)     0.856045 (  0.155916) 
  10   L   29       0.683483    0.214036 (  0.399513)     0.538304 (  0.607684) 
  10   L   30       0.222290    0.161536 (  0.700115)     0.085276 (  0.391957) 

 C         

  11   S   31      71.616837    2.707814 (  0.154329) 
  11   S   32      13.045096    2.618880 (  0.535328) 
  11   S   33       3.530512    0.816191 (  0.444635) 

  12   L   34       2.941249   -0.160017 ( -0.099967)     0.856045 (  0.155916) 
  12   L   35       0.683483    0.214036 (  0.399513)     0.538304 (  0.607684) 
  12   L   36       0.222290    0.161536 (  0.700115)     0.085276 (  0.391957) 

 H         

  13   S   37       3.425251    0.276934 (  0.154329) 
  13   S   38       0.623914    0.267839 (  0.535328) 
  13   S   39       0.168855    0.083474 (  0.444635) 

 H         

  14   S   40       3.425251    0.276934 (  0.154329) 
  14   S   41       0.623914    0.267839 (  0.535328) 
  14   S   42       0.168855    0.083474 (  0.444635) 

 H         

  15   S   43       3.425251    0.276934 (  0.154329) 
  15   S   44       0.623914    0.267839 (  0.535328) 
  15   S   45       0.168855    0.083474 (  0.444635) 

 H         

  16   S   46       3.425251    0.276934 (  0.154329) 
  16   S   47       0.623914    0.267839 (  0.535328) 
  16   S   48       0.168855    0.083474 (  0.444635) 

 C         

  17   S   49      71.616837    2.707814 (  0.154329) 
  17   S   50      13.045096    2.618880 (  0.535328) 
  17   S   51       3.530512    0.816191 (  0.444635) 

  18   L   52       2.941249   -0.160017 ( -0.099967)     0.856045 (  0.155916) 
  18   L   53       0.683483    0.214036 (  0.399513)     0.538304 (  0.607684) 
  18   L   54       0.222290    0.161536 (  0.700115)     0.085276 (  0.391957) 

 C         

  19   S   55      71.616837    2.707814 (  0.154329) 
  19   S   56      13.045096    2.618880 (  0.535328) 
  19   S   57       3.530512    0.816191 (  0.444635) 

  20   L   58       2.941249   -0.160017 ( -0.099967)     0.856045 (  0.155916) 
  20   L   59       0.683483    0.214036 (  0.399513)     0.538304 (  0.607684) 
  20   L   60       0.222290    0.161536 (  0.700115)     0.085276 (  0.391957) 

 H         

  21   S   61       3.425251    0.276934 (  0.154329) 
  21   S   62       0.623914    0.267839 (  0.535328) 
  21   S   63       0.168855    0.083474 (  0.444635) 

 H         

  22   S   64       3.425251    0.276934 (  0.154329) 
  22   S   65       0.623914    0.267839 (  0.535328) 
  22   S   66       0.168855    0.083474 (  0.444635) 

 C         

  23   S   67      71.616837    2.707814 (  0.154329) 
  23   S   68      13.045096    2.618880 (  0.535328) 
  23   S   69       3.530512    0.816191 (  0.444635) 

  24   L   70       2.941249   -0.160017 ( -0.099967)     0.856045 (  0.155916) 
  24   L   71       0.683483    0.214036 (  0.399513)     0.538304 (  0.607684) 
  24   L   72       0.222290    0.161536 (  0.700115)     0.085276 (  0.391957) 

 C         

  25   S   73      71.616837    2.707814 (  0.154329) 
  25   S   74      13.045096    2.618880 (  0.535328) 
  25   S   75       3.530512    0.816191 (  0.444635) 

  26   L   76       2.941249   -0.160017 ( -0.099967)     0.856045 (  0.155916) 
  26   L   77       0.683483    0.214036 (  0.399513)     0.538304 (  0.607684) 
  26   L   78       0.222290    0.161536 (  0.700115)     0.085276 (  0.391957) 

 H         

  27   S   79       3.425251    0.276934 (  0.154329) 
  27   S   80       0.623914    0.267839 (  0.535328) 
  27   S   81       0.168855    0.083474 (  0.444635) 

 H         

  28   S   82       3.425251    0.276934 (  0.154329) 
  28   S   83       0.623914    0.267839 (  0.535328) 
  28   S   84       0.168855    0.083474 (  0.444635) 

 H         

  29   S   85       3.425251    0.276934 (  0.154329) 
  29   S   86       0.623914    0.267839 (  0.535328) 
  29   S   87       0.168855    0.083474 (  0.444635) 

 H         

  30   S   88       3.425251    0.276934 (  0.154329) 
  30   S   89       0.623914    0.267839 (  0.535328) 
  30   S   90       0.168855    0.083474 (  0.444635) 

 TOTAL NUMBER OF SHELLS              =   30
 TOTAL NUMBER OF BASIS FUNCTIONS     =   60
 NUMBER OF ELECTRONS                 =   70
 CHARGE OF MOLECULE                  =    0
 STATE MULTIPLICITY                  =    1
 NUMBER OF OCCUPIED ORBITALS (ALPHA) =   35
 NUMBER OF OCCUPIED ORBITALS (BETA ) =   35
 TOTAL NUMBER OF ATOMS               =   20
 THE NUCLEAR REPULSION ENERGY IS      445.9369798671

     $CONTRL OPTIONS
     ---------------
     SCFTYP=RHF          RUNTYP=ENERGY       EXETYP=RUN     
     MPLEVL=       0     LOCAL =NONE         UNITS =ANGS    
     MULT  =       1     ICHARG=       0     MAXIT =      30
     NPRINT=       3     IREST =       0     COORD =UNIQUE  
     ECP   =NONE         NORMF =       0     NORMP =       0
     ITOL  =      20     ICUT  =       9     NZVAR =       0
     NOSYM =       0     INTTYP=POPLE        GEOM  =INPUT   
     PLTORB=       F     MOLPLT=       F     RPAC  =       F
     AIMPAC=       1     FRIEND=             CITYP =NONE    
     DFTTYP=B3LYP   

     $SYSTEM OPTIONS
     ---------------
     KDIAG =       0     MEMORY= 20000000     TIMLIM=   172800.0 SEC.
     COREFL=       F     PTIME =        F     XDR   =       F
     BALTYP=LOOP         CBASE = EFD61000     FBASE = 00000000

          ----------------
          PROPERTIES INPUT
          ----------------

     MOMENTS            FIELD           POTENTIAL          DENSITY
 IEMOM =       1   IEFLD =       0   IEPOT =       0   IEDEN =       0
 WHERE =COMASS     WHERE =NUCLEI     WHERE =NUCLEI     WHERE =NUCLEI  
 OUTPUT=BOTH       OUTPUT=BOTH       OUTPUT=BOTH       OUTPUT=BOTH    
 IEMINT=       0   IEFINT=       0                     IEDINT=       0
                                                       MORB  =       0


          ----------------   ------------------------------------
          DFT CODE OPTIONS   PROGRAM WRITTEN BY ALEX A. GRANOVSKY
          ----------------   ------------------------------------
          NRAD   =   63      LMAX   =  29 ( 302 POINTS PER SHELL)
          ANGPRN =    T      RADPRN =   T
          KAP    =   5.000   LMIN   =   5 (  14 POINTS PER SHELL)
          CUTOFF = 1.0E-10   CUTAO  = 1.0E-10
          CUTWGT = 1.0E-20   CUTORB = 1.0E-15
          CUTGG1 = 1.0E-13   CUTGG2 = 1.0E-13
          CUTGG3 = 1.0E-13   CUTGG4 = 1.0E-30
          B3LYP  =  NWCHEM   O3LYP  = DEFAULT 
          HFX    =  2.0000000000000000000E-01
          CPT2   =  0.0000000000000000000E+00
          SCS(S) =  1.0000000000000000000E+00
          SCS(T) =  1.0000000000000000000E+00



          EXTRAPOLATION IN EFFECT
          DAMPING IN EFFECT
          LEVEL SHIFTING IN EFFECT
          DIIS IN EFFECT

          ----------------------
          INTEGRAL INPUT OPTIONS
          ----------------------
 NOPK  =       1 NORDER=       0 SCHWRZ=       T

 ATTENTION! AO INTEGRALS WILL BE PACKED.
 THRESHOLD FOR PACKING PKTHR =  0.10000000D-01

     -------------------------------
     INTEGRAL TRANSFORMATION OPTIONS
     -------------------------------
     NWORD  =       0     CUTTRF = 1.0E-09
     MPTRAN =       0     DIRTRF =       F
     AOINTS =DUP          IREST  =       0

     ------------------------------------------
     THE POINT GROUP IS C1 , NAXIS= 0, ORDER= 1
     ------------------------------------------

     DIMENSIONS OF THE SYMMETRY SUBSPACES ARE
 A   =  60

 ..... DONE SETTING UP THE RUN .....

 CPU        TIME:   STEP =      0.04 ,  TOTAL =        0.1 SECONDS (    0.0 MIN)
 WALL CLOCK TIME:   STEP =      0.04 ,  TOTAL =        0.0 SECONDS (    0.0 MIN)
 CPU UTILIZATION:   STEP =     92.26%,  TOTAL =     184.52%

          ********************
          1 ELECTRON INTEGRALS
          ********************
OVERLAP MATRIX

                      1          2          3          4          5

    1  C   1  S   1.000000
    2  C   1  S   0.248362   1.000000
    3  C   1  X   0.000000   0.000000   1.000000
    4  C   1  Y   0.000000   0.000000   0.000000   1.000000
    5  C   1  Z   0.000000   0.000000   0.000000   0.000000   1.000000
    6  C   2  S   0.000000   0.000303   0.000815  -0.000133   0.000000
    7  C   2  S   0.000303   0.021870   0.035271  -0.005738   0.000000
    8  C   2  X  -0.000815  -0.035271  -0.052776   0.009938   0.000000
    9  C   2  Y   0.000133   0.005738   0.009938   0.006701   0.000000
   10  C   2  Z   0.000000   0.000000   0.000000   0.000000   0.008318
   11  C   3  S   0.000001   0.035571   0.038184   0.044995   0.000000
   12  C   3  S   0.035571   0.353710   0.245796   0.289638   0.000000
   13  C   3  X  -0.038184  -0.245796  -0.017878  -0.262219   0.000000
   14  C   3  Y  -0.044995  -0.289638  -0.262219  -0.104341   0.000000
   15  C   3  Z   0.000000   0.000000   0.000000   0.000000   0.204650
   16  C   4  S   0.000000   0.001586   0.002887  -0.002334   0.000000
   17  C   4  S   0.001586   0.056188   0.064927  -0.052498   0.000000
   18  C   4  X  -0.002887  -0.064927  -0.059282   0.066780   0.000000
   19  C   4  Y   0.002334   0.052498   0.066780  -0.030689   0.000000
   20  C   4  Z   0.000000   0.000000   0.000000   0.000000   0.023307
   21  C   5  S   0.000000   0.001566   0.003439   0.001284   0.000000
   22  C   5  S   0.001566   0.055779   0.077714   0.029024   0.000000
   23  C   5  X  -0.003439  -0.077714  -0.096044  -0.044504   0.000000
   24  C   5  Y  -0.001284  -0.029024  -0.044504   0.006498   0.000000
   25  C   5  Z   0.000000   0.000000   0.000000   0.000000   0.023119
   26  C   6  S   0.000001   0.035577   0.021827  -0.054839   0.000000
   27  C   6  S   0.035577   0.353743   0.140487  -0.352970   0.000000
   28  C   6  X  -0.021827  -0.140487   0.131985   0.182632   0.000000
   29  C   6  Y   0.054839   0.352970   0.182632  -0.254182   0.000000
   30  C   6  Z   0.000000   0.000000   0.000000   0.000000   0.204675
   31  H   7  S   0.005093   0.093008   0.029652   0.116986   0.000000
   32  H   8  S   0.000080   0.005902   0.006551  -0.007348   0.000000
   33  H   9  S   0.000079   0.005884   0.008518   0.004880   0.000000
   34  H  10  S   0.005080   0.092845  -0.008985  -0.120165   0.000000
   35  C  11  S   0.000000   0.000000   0.000000   0.000000   0.000000
   36  C  11  S   0.000000   0.000260   0.000567  -0.000099   0.000000
   37  C  11  X   0.000000  -0.000567  -0.001169   0.000219   0.000000
   38  C  11  Y   0.000000   0.000099   0.000219   0.000045   0.000000
   39  C  11  Z   0.000000   0.000000   0.000000   0.000000   0.000083
   40  C  12  S   0.000000   0.029550  -0.048351   0.009572   0.000000
   41  C  12  S   0.029550   0.317606  -0.345288   0.068353   0.000000
   42  C  12  X   0.048351   0.345288  -0.301124   0.094828   0.000000
   43  C  12  Y  -0.009572  -0.068353   0.094828   0.159134   0.000000
   44  C  12  Z   0.000000   0.000000   0.000000   0.000000   0.177906
   45  H  13  S   0.000000   0.000082   0.000163  -0.000065   0.000000
   46  H  14  S   0.004869   0.090067  -0.092109   0.072708   0.000000
   47  C  15  S   0.000000   0.000000   0.000000   0.000000   0.000000
   48  C  15  S   0.000000   0.000007   0.000019   0.000001   0.000000
   49  C  15  X   0.000000  -0.000019  -0.000048  -0.000001   0.000000
   50  C  15  Y   0.000000  -0.000001  -0.000001   0.000002   0.000000
   51  C  15  Z   0.000000   0.000000   0.000000   0.000000   0.000002
   52  C  16  S   0.000000   0.001159  -0.002719  -0.000676   0.000000
   53  C  16  S   0.001159   0.046884  -0.068991  -0.017144   0.000000
   54  C  16  X   0.002719   0.068991  -0.092040  -0.027613   0.000000
   55  C  16  Y   0.000676   0.017144  -0.027613   0.012221   0.000000
   56  C  16  Z   0.000000   0.000000   0.000000   0.000000   0.019082
   57  H  17  S   0.000000   0.000024   0.000053   0.000013   0.000000
   58  H  18  S   0.000741   0.024680  -0.029617  -0.021993   0.000000
   59  H  19  S   0.000000   0.000000   0.000001   0.000000   0.000000
   60  H  20  S   0.000058   0.004808  -0.008103  -0.000694   0.000000

                      6          7          8          9         10

    6  C   2  S   1.000000
    7  C   2  S   0.248362   1.000000
    8  C   2  X   0.000000   0.000000   1.000000
    9  C   2  Y   0.000000   0.000000   0.000000   1.000000
   10  C   2  Z   0.000000   0.000000   0.000000   0.000000   1.000000
   11  C   3  S   0.000000   0.001586  -0.002887   0.002334   0.000000
   12  C   3  S   0.001586   0.056188  -0.064927   0.052498   0.000000
   13  C   3  X   0.002887   0.064927  -0.059282   0.066780   0.000000
   14  C   3  Y  -0.002334  -0.052498   0.066780  -0.030689   0.000000
   15  C   3  Z   0.000000   0.000000   0.000000   0.000000   0.023307
   16  C   4  S   0.000001   0.035571  -0.038184  -0.044995   0.000000
   17  C   4  S   0.035571   0.353710  -0.245796  -0.289638   0.000000
   18  C   4  X   0.038184   0.245796  -0.017878  -0.262219   0.000000
   19  C   4  Y   0.044995   0.289638  -0.262219  -0.104341   0.000000
   20  C   4  Z   0.000000   0.000000   0.000000   0.000000   0.204650
   21  C   5  S   0.000001   0.035577  -0.021827   0.054839   0.000000
   22  C   5  S   0.035577   0.353743  -0.140487   0.352970   0.000000
   23  C   5  X   0.021827   0.140487   0.131985   0.182632   0.000000
   24  C   5  Y  -0.054839  -0.352970   0.182632  -0.254182   0.000000
   25  C   5  Z   0.000000   0.000000   0.000000   0.000000   0.204675
   26  C   6  S   0.000000   0.001566  -0.003439  -0.001284   0.000000
   27  C   6  S   0.001566   0.055779  -0.077714  -0.029024   0.000000
   28  C   6  X   0.003439   0.077714  -0.096044  -0.044504   0.000000
   29  C   6  Y   0.001284   0.029024  -0.044504   0.006498   0.000000
   30  C   6  Z   0.000000   0.000000   0.000000   0.000000   0.023119
   31  H   7  S   0.000080   0.005902  -0.006551   0.007348   0.000000
   32  H   8  S   0.005093   0.093008  -0.029652  -0.116986   0.000000
   33  H   9  S   0.005080   0.092845   0.008985   0.120165   0.000000
   34  H  10  S   0.000079   0.005884  -0.008518  -0.004880   0.000000
   35  C  11  S   0.000000   0.029550   0.048351  -0.009572   0.000000
   36  C  11  S   0.029550   0.317606   0.345288  -0.068353   0.000000
   37  C  11  X  -0.048351  -0.345288  -0.301124   0.094828   0.000000
   38  C  11  Y   0.009572   0.068353   0.094828   0.159134   0.000000
   39  C  11  Z   0.000000   0.000000   0.000000   0.000000   0.177906
   40  C  12  S   0.000000   0.000000   0.000000   0.000000   0.000000
   41  C  12  S   0.000000   0.000260  -0.000567   0.000099   0.000000
   42  C  12  X   0.000000   0.000567  -0.001169   0.000219   0.000000
   43  C  12  Y   0.000000  -0.000099   0.000219   0.000045   0.000000
   44  C  12  Z   0.000000   0.000000   0.000000   0.000000   0.000083
   45  H  13  S   0.004869   0.090067   0.092109  -0.072708   0.000000
   46  H  14  S   0.000000   0.000082  -0.000163   0.000065   0.000000
   47  C  15  S   0.000000   0.001159   0.002719   0.000676   0.000000
   48  C  15  S   0.001159   0.046884   0.068991   0.017144   0.000000
   49  C  15  X  -0.002719  -0.068991  -0.092040  -0.027613   0.000000
   50  C  15  Y  -0.000676  -0.017144  -0.027613   0.012221   0.000000
   51  C  15  Z   0.000000   0.000000   0.000000   0.000000   0.019082
   52  C  16  S   0.000000   0.000000   0.000000   0.000000   0.000000
   53  C  16  S   0.000000   0.000007  -0.000019  -0.000001   0.000000
   54  C  16  X   0.000000   0.000019  -0.000048  -0.000001   0.000000
   55  C  16  Y   0.000000   0.000001  -0.000001   0.000002   0.000000
   56  C  16  Z   0.000000   0.000000   0.000000   0.000000   0.000002
   57  H  17  S   0.000741   0.024680   0.029617   0.021993   0.000000
   58  H  18  S   0.000000   0.000024  -0.000053  -0.000013   0.000000
   59  H  19  S   0.000058   0.004808   0.008103   0.000694   0.000000
   60  H  20  S   0.000000   0.000000  -0.000001   0.000000   0.000000

                     11         12         13         14         15

   11  C   3  S   1.000000
   12  C   3  S   0.248362   1.000000
   13  C   3  X   0.000000   0.000000   1.000000
   14  C   3  Y   0.000000   0.000000   0.000000   1.000000
   15  C   3  Z   0.000000   0.000000   0.000000   0.000000   1.000000
   16  C   4  S   0.000000   0.000389   0.000366  -0.000973   0.000000
   17  C   4  S   0.000389   0.025192   0.014325  -0.038030   0.000000
   18  C   4  X  -0.000366  -0.014325   0.000914   0.023298   0.000000
   19  C   4  Y   0.000973   0.038030   0.023298  -0.052160   0.000000
   20  C   4  Z   0.000000   0.000000   0.000000   0.000000   0.009690
   21  C   5  S   0.000001   0.037289   0.061038  -0.009854   0.000000
   22  C   5  S   0.037289   0.363411   0.382052  -0.061676   0.000000
   23  C   5  X  -0.061038  -0.382052  -0.314118   0.084945   0.000000
   24  C   5  Y   0.009854   0.061676   0.084945   0.198362   0.000000
   25  C   5  Z   0.000000   0.000000   0.000000   0.000000   0.212075
   26  C   6  S   0.000000   0.001704  -0.000640  -0.003904   0.000000
   27  C   6  S   0.001704   0.058556  -0.014008  -0.085461   0.000000
   28  C   6  X   0.000640   0.014008   0.020705  -0.022537   0.000000
   29  C   6  Y   0.003904   0.085461  -0.022537  -0.113098   0.000000
   30  C   6  Z   0.000000   0.000000   0.000000   0.000000   0.024399
   31  H   7  S   0.061021   0.485749  -0.162436   0.434921   0.000000
   32  H   8  S   0.000011   0.001755   0.001114  -0.002965   0.000000
   33  H   9  S   0.005272   0.095346   0.117989   0.035888   0.000000
   34  H  10  S   0.000084   0.006109  -0.003205  -0.009648   0.000000
   35  C  11  S   0.000000   0.000002   0.000007  -0.000004   0.000000
   36  C  11  S   0.000002   0.001445   0.002536  -0.001377   0.000000
   37  C  11  X  -0.000007  -0.002536  -0.004091   0.002483   0.000000
   38  C  11  Y   0.000004   0.001377   0.002483  -0.000868   0.000000
   39  C  11  Z   0.000000   0.000000   0.000000   0.000000   0.000480
   40  C  12  S   0.000000   0.001261  -0.002868  -0.000952   0.000000
   41  C  12  S   0.001261   0.049214  -0.070447  -0.023391   0.000000
   42  C  12  X   0.002868   0.070447  -0.090407  -0.036702   0.000000
   43  C  12  Y   0.000952   0.023391  -0.036702   0.007944   0.000000
   44  C  12  Z   0.000000   0.000000   0.000000   0.000000   0.020131
   45  H  13  S   0.000000   0.000188   0.000302  -0.000241   0.000000
   46  H  14  S   0.001315   0.036238  -0.051982   0.005453   0.000000
   47  C  15  S   0.000000   0.000000   0.000000   0.000000   0.000000
   48  C  15  S   0.000000   0.000177   0.000392  -0.000083   0.000000
   49  C  15  X   0.000000  -0.000392  -0.000820   0.000187   0.000000
   50  C  15  Y   0.000000   0.000083   0.000187   0.000017   0.000000
   51  C  15  Z   0.000000   0.000000   0.000000   0.000000   0.000057
   52  C  16  S   0.000000   0.000003  -0.000010  -0.000005   0.000000
   53  C  16  S   0.000003   0.001738  -0.003066  -0.001537   0.000000
   54  C  16  X   0.000010   0.003066  -0.004988  -0.002792   0.000000
   55  C  16  Y   0.000005   0.001537  -0.002792  -0.000819   0.000000
   56  C  16  Z   0.000000   0.000000   0.000000   0.000000   0.000581
   57  H  17  S   0.000003   0.000779   0.001477   0.000052   0.000000
   58  H  18  S   0.000002   0.000684  -0.000988  -0.000857   0.000000
   59  H  19  S   0.000000   0.000008   0.000018  -0.000004   0.000000
   60  H  20  S   0.000000   0.000192  -0.000376  -0.000117   0.000000

                     16         17         18         19         20

   16  C   4  S   1.000000
   17  C   4  S   0.248362   1.000000
   18  C   4  X   0.000000   0.000000   1.000000
   19  C   4  Y   0.000000   0.000000   0.000000   1.000000
   20  C   4  Z   0.000000   0.000000   0.000000   0.000000   1.000000
   21  C   5  S   0.000000   0.001704   0.000640   0.003904   0.000000
   22  C   5  S   0.001704   0.058556   0.014008   0.085461   0.000000
   23  C   5  X  -0.000640  -0.014008   0.020705  -0.022537   0.000000
   24  C   5  Y  -0.003904  -0.085461  -0.022537  -0.113098   0.000000
   25  C   5  Z   0.000000   0.000000   0.000000   0.000000   0.024399
   26  C   6  S   0.000001   0.037289  -0.061038   0.009854   0.000000
   27  C   6  S   0.037289   0.363411  -0.382052   0.061676   0.000000
   28  C   6  X   0.061038   0.382052  -0.314118   0.084945   0.000000
   29  C   6  Y  -0.009854  -0.061676   0.084945   0.198362   0.000000
   30  C   6  Z   0.000000   0.000000   0.000000   0.000000   0.212075
   31  H   7  S   0.000011   0.001755  -0.001114   0.002965   0.000000
   32  H   8  S   0.061021   0.485749   0.162436  -0.434921   0.000000
